16
1 1
2 1 2 3 4 5 6 7 8 9 10 11 12 13 14 15 16
3 1 2 3 4 5 6 7 8 9 10 11 12 13 14 15 16
4 13
5 1 2 3 4 5 6 7 8 9 10 11 12 13 14 15 16
6 15
7 3
8 1 2 3 4 5 6 7 8 9 10 11 12 13 14 15 16
9 1 2 3 4 5 6 7 8 9 10 11 12 13 14 15 16
10 2
11 14
12 1 2 3 4 5 6 7 8 9 10 11 12 13 14 15 16
13 16
14 1 2 3 4 5 6 7 8 9 10 11 12 13 14 15 16
15 1 2 3 4 5 6 7 8 9 10 11 12 13 14 15 16
16 4
1 1 2 3 4 5 6 7 8 9 10 11 12 13 14 15 16
4 34 1 2 3 4
4 34 5 6 7 8
4 34 9 10 11 12
4 34 13 14 15 16
4 34 1 5 9 13
4 34 2 6 10 14
4 34 3 7 11 15
4 34 4 8 12 16
4 34 1 6 11 16
4 34 4 7 10 13
-1