81
1 1 2 3 4 5 6 7 8 9
2 1 2 3 4 5 6 7 8 9
3 1 2 3 4 5 6 7 8 9
4 1 2 3 4 5 6 7 8 9
5 1 2 3 4 5 6 7 8 9
6 1 2 3 4 5 6 7 8 9
7 1 2 3 4 5 6 7 8 9
8 3
9 1 2 3 4 5 6 7 8 9
10 1 2 3 4 5 6 7 8 9
11 1 2 3 4 5 6 7 8 9
12 2
13 9
14 5
15 1 2 3 4 5 6 7 8 9
16 1 2 3 4 5 6 7 8 9
17 1
18 8
19 6
20 1 2 3 4 5 6 7 8 9
21 1
22 1 2 3 4 5 6 7 8 9
23 1 2 3 4 5 6 7 8 9
24 1 2 3 4 5 6 7 8 9
25 1 2 3 4 5 6 7 8 9
26 1 2 3 4 5 6 7 8 9
27 1 2 3 4 5 6 7 8 9
28 1 2 3 4 5 6 7 8 9
29 2
30 1 2 3 4 5 6 7 8 9
31 1 2 3 4 5 6 7 8 9
32 1 2 3 4 5 6 7 8 9
33 1
34 4
35 1 2 3 4 5 6 7 8 9
36 1 2 3 4 5 6 7 8 9
37 1 2 3 4 5 6 7 8 9
38 1 2 3 4 5 6 7 8 9
39 9
40 1 2 3 4 5 6 7 8 9
41 1 2 3 4 5 6 7 8 9
42 1 2 3 4 5 6 7 8 9
43 1 2 3 4 5 6 7 8 9
44 8
45 6
46 8
47 1 2 3 4 5 6 7 8 9
48 6
49 1 2 3 4 5 6 7 8 9
50 1 2 3 4 5 6 7 8 9
51 9
52 1 2 3 4 5 6 7 8 9
53 2
54 1 2 3 4 5 6 7 8 9
55 1 2 3 4 5 6 7 8 9
56 1 2 3 4 5 6 7 8 9
57 1 2 3 4 5 6 7 8 9
58 1 2 3 4 5 6 7 8 9
59 4
60 1 2 3 4 5 6 7 8 9
61 1 2 3 4 5 6 7 8 9
62 1 2 3 4 5 6 7 8 9
63 1 2 3 4 5 6 7 8 9
64 4
65 6
66 1 2 3 4 5 6 7 8 9
67 1 2 3 4 5 6 7 8 9
68 1 2 3 4 5 6 7 8 9
69 7
70 5
71 1 2 3 4 5 6 7 8 9
72 1 2 3 4 5 6 7 8 9
73 1
74 1 2 3 4 5 6 7 8 9
75 1 2 3 4 5 6 7 8 9
76 1 2 3 4 5 6 7 8 9
77 1 2 3 4 5 6 7 8 9
78 1 2 3 4 5 6 7 8 9
79 1 2 3 4 5 6 7 8 9
80 1 2 3 4 5 6 7 8 9
81 3
4 45 1 2 3 4 5 6 7 8 9
4 45 10 11 12 13 14 15 16 17 18
4 45 19 20 21 22 23 24 25 26 27
4 45 28 29 30 31 32 33 34 35 36
4 45 37 38 39 40 41 42 43 44 45
4 45 46 47 48 49 50 51 52 53 54
4 45 55 56 57 58 59 60 61 62 63
4 45 64 65 66 67 68 69 70 71 72
4 45 73 74 75 76 77 78 79 80 81
4 45 1 10 19 28 37 46 55 64 73
4 45 2 11 20 29 38 47 56 65 74
4 45 3 12 21 30 39 48 57 66 75
4 45 4 13 22 31 40 49 58 67 76
4 45 5 14 23 32 41 50 59 68 77
4 45 6 15 24 33 42 51 60 69 78
4 45 7 16 25 34 43 52 61 70 79
4 45 8 17 26 35 44 53 62 71 80
4 45 9 18 27 36 45 54 63 72 81
4 45 1 2 3 10 11 12 19 20 21
4 45 4 5 6 13 14 15 22 23 24
4 45 7 8 9 16 17 18 25 26 27
4 45 28 29 30 37 38 39 46 47 48
4 45 31 32 33 40 41 42 49 50 51
4 45 34 35 36 43 44 45 52 53 54
4 45 55 56 57 64 65 66 73 74 75
4 45 58 59 60 67 68 69 76 77 78
4 45 61 62 63 70 71 72 79 80 81
-1