20
1 1 2 3 4
2 1 2 3 4
3 1 2 3 4
4 1 2 3 4
5 1 2 3 4
6 1 2 3 4
7 1 2 3 4
8 1 2 3 4
9 1 2 3 4
10 1 2 3 4
11 1 2 3 4
12 1 2 3 4
13 1 2 3 4
14 1 2 3 4
15 1 2 3 4
16 1 2 3 4
17 1 2 3 4
18 1 2 3 4
19 1 2 3 4
20 1 2 3 4
1 1 2
1 1 4
1 1 6
1 1 7
1 1 8
1 2 9
1 2 3
1 2 10
1 3 10
1 3 11
1 4 11
1 4 12
1 4 5
1 5 13
1 5 14
1 5 6
1 5 12
1 6 14
1 6 15
1 6 7
1 7 8
1 7 16
1 7 15
1 8 9
1 8 17
1 8 16
1 9 10
1 9 18
1 10 11
1 10 19
1 10 18
1 11 20
1 11 12
1 12 13
1 13 14
1 14 15
1 15 16
1 16 17
1 17 18
1 18 19
1 19 20
0 1 13 20
-1